  -1.1421992e+01
  -1.3610442e+01
  -1.7015730e+01
  -2.3515037e+01
  -4.5360416e+01
  -5.7169237e+01
  -6.3948758e+01
  -6.8645801e+01
  -7.2169813e+01
  -7.4938075e+01
  -7.7179017e+01
  -7.9031648e+01
  -8.0586871e+01
  -8.1907360e+01
  -8.3038147e+01
  -8.4012708e+01
  -8.4856687e+01
  -8.5590287e+01
  -8.6229853e+01
  -8.6788942e+01
  -8.7279023e+01
  -8.7709927e+01
  -8.8090118e+01
  -8.8426873e+01
  -8.8726413e+01
  -8.8994025e+01
  -8.9234181e+01
  -8.9450649e+01
  -8.9646600e+01
  -8.9824706e+01
