   0.0000000e+00
   4.8275862e+02
   9.6551724e+02
   1.4482759e+03
   1.9310345e+03
   2.4137931e+03
   2.8965517e+03
   3.3793103e+03
   3.8620690e+03
   4.3448276e+03
   4.8275862e+03
   5.3103448e+03
   5.7931034e+03
   6.2758621e+03
   6.7586207e+03
   7.2413793e+03
   7.7241379e+03
   8.2068966e+03
   8.6896552e+03
   9.1724138e+03
   9.6551724e+03
   1.0137931e+04
   1.0620690e+04
   1.1103448e+04
   1.1586207e+04
   1.2068966e+04
   1.2551724e+04
   1.3034483e+04
   1.3517241e+04
   1.4000000e+04
