   9.9948547e+03
   9.8446941e+03
   7.1574965e+03
   2.3189064e+03
   2.1652400e+03
   2.1312919e+03
   2.0493596e+03
   1.9101486e+03
   1.8067002e+03
   1.6699096e+03
   1.1259616e+03
   8.1536404e+02
   5.3791499e+02
   5.1219134e+02
   5.1219134e+02
   3.4364141e+02
   7.4970519e+01
   7.4970519e+01
   7.4970519e+01
   7.4970519e+01
   7.4970519e+01
   6.2791614e+01
   6.2791614e+01
   6.2791614e+01
   6.2791614e+01
   5.2574139e+01
   5.2574139e+01
   5.2574139e+01
   5.1979693e+01
   5.1979693e+01
   5.1979693e+01
   5.1979693e+01
   5.1979693e+01
   5.1979693e+01
   5.1979693e+01
   5.1979693e+01
   5.1979693e+01
   5.1979693e+01
   5.1979693e+01
   5.1979693e+01
   5.1979693e+01
   5.1979693e+01
   5.1979693e+01
   5.1979693e+01
   5.1979693e+01
   5.1979693e+01
   5.1979693e+01
   4.9844491e+01
   4.9844491e+01
   4.5363373e+01
   4.5363373e+01
   4.5363373e+01
   4.5363373e+01
   4.5363373e+01
   4.5211716e+01
   4.5211716e+01
   4.5211716e+01
   4.5211716e+01
   4.5211716e+01
   4.5211716e+01
   3.5986806e+01
   3.5986806e+01
   3.5986806e+01
   3.3995229e+01
   3.3995229e+01
   3.3995229e+01
   3.1501809e+01
   3.1501809e+01
   3.1501809e+01
   3.1501809e+01
   2.8866127e+01
   2.8866127e+01
   2.8866127e+01
   2.8866127e+01
   2.8866127e+01
   2.8133769e+01
   6.4097593e+00
   6.4097593e+00
   6.4097593e+00
   6.4097593e+00
   4.7987484e+00
   4.7987484e+00
   4.7987484e+00
   4.5293327e+00
   4.5293327e+00
   4.5293327e+00
   4.5293327e+00
   2.6564907e+00
   2.6564907e+00
   5.6695908e-01
   5.6695908e-01
   5.6695908e-01
   5.6695908e-01
   5.6695908e-01
   5.6695908e-01
   5.6695908e-01
   5.6695908e-01
   5.6695908e-01
   4.9103123e-01
   4.9103123e-01
   4.9103123e-01
   4.9103123e-01
   4.9103123e-01
   4.9103123e-01
   4.6224090e-01
   4.6224090e-01
   4.6224090e-01
   4.5022049e-01
   3.2333506e-01
   1.8331878e-01
   1.8331878e-01
   1.8331878e-01
   9.8672562e-02
   9.8672562e-02
   9.8643397e-02
   9.8643397e-02
   9.8643397e-02
   9.2931504e-02
   9.2931504e-02
   8.2562993e-02
   8.2455609e-02
   7.0758668e-02
   5.6007019e-02
   5.1851669e-02
   5.1851669e-02
   5.1851669e-02
   5.1851669e-02
   5.1851669e-02
   5.1851669e-02
   5.1851669e-02
   5.1851669e-02
   5.1851669e-02
   5.1851669e-02
   5.1851669e-02
   5.1252478e-02
   5.0879971e-02
   5.0525291e-02
   5.0434203e-02
   5.0434203e-02
   5.0434203e-02
   4.8450512e-02
   4.6928804e-02
   4.2310113e-02
   4.2310113e-02
   4.2310113e-02
   4.2310113e-02
   4.2310113e-02
   4.2310113e-02
   4.2310113e-02
   4.2310113e-02
   4.2310113e-02
   4.2310113e-02
   4.2111879e-02
   4.2111879e-02
   4.2111879e-02
   4.2111879e-02
   4.2111879e-02
   4.2111879e-02
   4.1956082e-02
   4.1834414e-02
   4.1834414e-02
   4.1834414e-02
   4.1829070e-02
   4.1829070e-02
   4.1829070e-02
   4.1829070e-02
   4.1829070e-02
   4.1791638e-02
   4.1791638e-02
   4.1791638e-02
   4.1791638e-02
   4.1791638e-02
   4.1791638e-02
   4.1780069e-02
   4.1780069e-02
   4.1780069e-02
   4.1780069e-02
   4.1780069e-02
   4.1777013e-02
   4.1771540e-02
   4.1771540e-02
   4.1767748e-02
   4.1766717e-02
   4.1766717e-02
   4.1766717e-02
   4.1766717e-02
   4.1765925e-02
   4.1765925e-02
   4.1765925e-02
   4.1765925e-02
   4.1765923e-02
   4.1765923e-02
   4.1765326e-02
   4.1765326e-02
   4.1765326e-02
   4.1765326e-02
   4.1765326e-02
   4.1765326e-02
   4.1765326e-02
   4.1765326e-02
   4.1765326e-02
   4.1765326e-02
   4.1765326e-02
   4.1764998e-02
   4.1763549e-02
   4.1760379e-02
   4.1712317e-02
   4.1607393e-02
   4.1509339e-02
   4.1456418e-02
   4.1456418e-02
   4.1456418e-02
   4.1456418e-02
   4.1434079e-02
   4.1285164e-02
   4.1200082e-02
   4.1094175e-02
   4.1058880e-02
   4.1058880e-02
   4.1058880e-02
   4.1036441e-02
   4.1036441e-02
   4.0982969e-02
   4.0982969e-02
   4.0982969e-02
   4.0976225e-02
   4.0970877e-02
   4.0965472e-02
   4.0960138e-02
   4.0960138e-02
   4.0960138e-02
   4.0960138e-02
   4.0948466e-02
   4.0924999e-02
   4.0894507e-02
   4.0853182e-02
   4.0796395e-02
   4.0636316e-02
   4.0240591e-02
   3.9999315e-02
   3.9711673e-02
   3.9509180e-02
   3.8234065e-02
   3.7858392e-02
   3.7079174e-02
   3.7079174e-02
   3.5418674e-02
   3.5008353e-02
   3.4148427e-02
   3.3431596e-02
   3.2207715e-02
   3.0808308e-02
   3.0808308e-02
   2.9306972e-02
   2.9306972e-02
   2.9306972e-02
   2.8021096e-02
   2.6180639e-02
   2.4391290e-02
   2.2480788e-02
   2.0800215e-02
   1.9907487e-02
   1.9907487e-02
   1.9907487e-02
   1.9907487e-02
   1.9907487e-02
   1.9834604e-02
   1.7770707e-02
   1.6985917e-02
   1.6421931e-02
   1.6421931e-02
   1.4696017e-02
   1.2944998e-02
   1.1844866e-02
   9.9146594e-03
   7.8643832e-03
   4.9931579e-03
   3.7191391e-03
   2.9742003e-03
   2.9742003e-03
   2.9742003e-03
   2.9742003e-03
   2.9742003e-03
   2.9335446e-03
   2.9335446e-03
   2.9335446e-03
   2.9335446e-03
   2.9246215e-03
   2.9246215e-03
   2.9161019e-03
   2.9068799e-03
   2.8659702e-03
   2.8001676e-03
   2.7233468e-03
   2.6986312e-03
   2.5830546e-03
   2.4976677e-03
   2.4575704e-03
   2.4022928e-03
   2.2217657e-03
   1.9067627e-03
   1.7752625e-03
   1.7395211e-03
   1.5478349e-03
   9.5389884e-04
   8.2664791e-04
   8.2664791e-04
   8.2664791e-04
   8.2664791e-04
   8.2664791e-04
   8.2664791e-04
   8.2664791e-04
   8.2664791e-04
   8.2664791e-04
   8.2664791e-04
   8.2664791e-04
   8.1038598e-04
   8.1038598e-04
   8.0266674e-04
   7.6980286e-04
   6.8944853e-04
   6.3789736e-04
   3.3654781e-04
   2.4625947e-04
   2.4567366e-04
   2.4567366e-04
   2.4303585e-04
   2.2005133e-04
   2.0000899e-04
   1.7066812e-04
   1.7066812e-04
   1.6221143e-04
   1.4785657e-04
   1.4608253e-04
   1.3993402e-04
   1.3831836e-04
   1.3026726e-04
   1.2703441e-04
   1.0746683e-04
   9.1985044e-05
   8.9256676e-05
   8.7644379e-05
   8.7644379e-05
   8.4879335e-05
   8.4879335e-05
   8.3327951e-05
   8.1925545e-05
   7.6422070e-05
   7.5092468e-05
   7.5092468e-05
   7.5092468e-05
   6.6594653e-05
   6.4271393e-05
   6.0951960e-05
   5.8215364e-05
   5.8215364e-05
   5.8215364e-05
   5.0332341e-05
   4.0623525e-05
   4.0623525e-05
   3.7777194e-05
   3.6824050e-05
   3.5963064e-05
   3.4730711e-05
   3.1912041e-05
   3.1654229e-05
   3.0847174e-05
   2.8281370e-05
   2.8281370e-05
   2.8281370e-05
   2.6396641e-05
   2.4171031e-05
   2.3347222e-05
   2.1486011e-05
   1.6089696e-05
   1.4870171e-05
   1.4078649e-05
   1.4009468e-05
   1.4009468e-05
   1.2965865e-05
   1.2965865e-05
   1.2890655e-05
   1.2706456e-05
   1.1854810e-05
   1.0145000e-05
   9.5132745e-06
   8.7006701e-06
   6.3498176e-06
   6.1536562e-06
   5.4124895e-06
   5.3711177e-06
   5.2683028e-06
   5.1657290e-06
   5.1657290e-06
   5.1657290e-06
   5.1652269e-06
   5.1064103e-06
   5.0864247e-06
   5.0290578e-06
   4.9859500e-06
   4.9582003e-06
   4.9039513e-06
   4.7948746e-06
   4.7814550e-06
   4.7681247e-06
   4.6884339e-06
   4.5937454e-06
   4.4966346e-06
   4.4765191e-06
   4.3758900e-06
   4.3601801e-06
   4.3591095e-06
   4.3590094e-06
   4.3589945e-06
   4.3498355e-06
   4.3492047e-06
   4.3478076e-06
   4.2809583e-06
   4.2547150e-06
   4.0865407e-06
   4.0865407e-06
   4.0408667e-06
   3.9746931e-06
   3.9746931e-06
   3.8954410e-06
   3.8954410e-06
   3.8462913e-06
   3.8160535e-06
   3.7113559e-06
   3.6661751e-06
   3.5912237e-06
   3.5592097e-06
   3.5394099e-06
   3.5198308e-06
   3.5045344e-06
   3.5044318e-06
   3.4081030e-06
   3.4023753e-06
   3.4015379e-06
   3.4005795e-06
   3.4005795e-06
   3.3904782e-06
   3.3853078e-06
   3.3802685e-06
   3.3730703e-06
   3.3713387e-06
   3.3700069e-06
   3.3634675e-06
   3.3595081e-06
   3.3459220e-06
   3.3435635e-06
   3.3429018e-06
   3.3369274e-06
   3.3352784e-06
   3.3276366e-06
   3.3255158e-06
   3.3185614e-06
   3.3090038e-06
   3.3034648e-06
   3.3028853e-06
   3.3004962e-06
   3.2888029e-06
   3.2867811e-06
   3.2855571e-06
   3.2840997e-06
   3.2824015e-06
   3.2770502e-06
   3.2707255e-06
   3.2669384e-06
   3.2648245e-06
   3.2629190e-06
   3.2593226e-06
   3.2569221e-06
   3.2548245e-06
   3.2516355e-06
   3.2488310e-06
   3.2414379e-06
   3.2410666e-06
   3.2311406e-06
   3.2289299e-06
   3.2253115e-06
   3.2237952e-06
   3.2213446e-06
   3.2161657e-06
   3.2159664e-06
   3.2115032e-06
   3.2084730e-06
   3.2036852e-06
   3.2005135e-06
   3.1975024e-06
   3.1870748e-06
   3.1818954e-06
   3.1782831e-06
   3.1746254e-06
   3.1741025e-06
   3.1585926e-06
   3.1567187e-06
   3.1507066e-06
   3.1498655e-06
   3.1472018e-06
