   9.9997201e+03
   9.9820821e+03
   8.9263691e+03
   5.4644060e+02
   4.9639383e+02
   4.9639383e+02
   4.9442655e+02
   4.8718317e+02
   4.8718317e+02
   4.8718317e+02
   4.8637325e+02
   4.8637325e+02
   4.7211127e+02
   4.7211127e+02
   4.3645287e+02
   4.3645287e+02
   3.2712319e+02
   2.6833204e+02
   1.7764696e+02
   1.7764696e+02
   1.5775346e+02
   1.5775346e+02
   1.5775346e+02
   1.2538482e+02
   1.2538482e+02
   1.2538482e+02
   1.2538482e+02
   1.2538482e+02
   1.2538482e+02
   1.2538482e+02
   1.2538482e+02
   1.1984266e+02
   1.1984266e+02
   1.1984266e+02
   1.1984266e+02
   9.5865121e+01
   9.5865121e+01
   9.5865121e+01
   9.5865121e+01
   9.5865121e+01
   9.5865121e+01
   9.5865121e+01
   9.5865121e+01
   9.5865121e+01
   9.5865121e+01
   9.5865121e+01
   7.3678744e+01
   7.3678744e+01
   7.3678744e+01
   7.3678744e+01
   7.3678744e+01
   7.3678744e+01
   7.3678744e+01
   2.8966909e+01
   2.8966909e+01
   2.8640092e+01
   2.8640092e+01
   2.8640092e+01
   2.8640092e+01
   2.8640092e+01
   2.8640092e+01
   2.8640092e+01
   2.8640092e+01
   2.8640092e+01
   2.8640092e+01
   2.7878209e+01
   2.7878209e+01
   2.7878209e+01
   2.7878209e+01
   2.7878209e+01
   2.7878209e+01
   2.7447143e+01
   2.7447143e+01
   2.7447143e+01
   2.7447143e+01
   2.7267566e+01
   2.7267566e+01
   2.7267566e+01
   2.7267566e+01
   2.7267566e+01
   2.7267566e+01
   2.7267566e+01
   2.7267566e+01
   2.7267566e+01
   2.6376565e+01
   2.6376565e+01
   2.6376565e+01
   2.6376565e+01
   2.6376565e+01
   2.6376565e+01
   2.6376565e+01
   2.6376565e+01
   2.6376565e+01
   2.6376565e+01
   2.6178781e+01
   2.6178781e+01
   2.6054419e+01
   2.6054419e+01
   2.6054419e+01
   2.6054419e+01
   2.6040244e+01
   2.6040244e+01
   2.6040244e+01
   2.5921032e+01
   2.5921032e+01
   2.5921032e+01
   2.5921032e+01
   2.5921032e+01
   2.5921032e+01
   2.5869878e+01
   2.5853551e+01
   2.5853551e+01
   2.5853551e+01
   2.5853551e+01
   2.5853551e+01
   2.5759023e+01
   2.5754546e+01
   2.5748148e+01
   2.5748148e+01
   2.5748148e+01
   2.5748148e+01
   2.5713503e+01
   2.5680778e+01
   2.5630668e+01
   2.5609021e+01
   2.5578091e+01
   2.5573712e+01
   2.5571841e+01
   2.5571841e+01
   2.5561903e+01
   2.5555735e+01
   2.5543964e+01
   2.5503245e+01
   2.5503245e+01
   2.5503245e+01
   2.5503245e+01
   2.5503245e+01
   2.5503245e+01
   2.5503245e+01
   2.5503245e+01
   2.5443098e+01
   2.5314994e+01
   2.5213629e+01
   2.5213629e+01
   2.5074635e+01
   2.4851730e+01
   2.4851730e+01
   2.4343718e+01
   2.4177905e+01
   2.3947433e+01
   2.3556298e+01
   2.2769268e+01
   2.2590353e+01
   2.2590353e+01
   2.2515543e+01
   2.1542161e+01
   2.1542161e+01
   2.0959332e+01
   2.0723835e+01
   2.0723835e+01
   2.0722667e+01
   2.0702567e+01
   2.0427095e+01
   1.9112453e+01
   1.6017749e+01
   1.5354447e+01
   1.5279273e+01
   1.4049945e+01
   1.2637983e+01
   1.2637983e+01
   1.1097688e+01
   1.0116037e+01
   1.0091698e+01
   1.0091698e+01
   1.0091698e+01
   9.7928743e+00
   9.7928743e+00
   9.7928743e+00
   9.7928743e+00
   9.3666346e+00
   9.0188896e+00
   8.9752729e+00
   8.9725412e+00
   8.9725412e+00
   8.9718606e+00
   8.9718606e+00
   8.8918579e+00
   8.7491442e+00
   8.7491442e+00
   8.7491442e+00
   8.7440148e+00
   8.7440148e+00
   8.7086683e+00
   8.7086683e+00
   8.7086683e+00
   8.7086683e+00
   8.6987701e+00
   8.6987701e+00
   8.6987701e+00
   8.6727628e+00
   8.6727628e+00
   8.6727628e+00
   8.6727628e+00
   8.6691146e+00
   8.6322126e+00
   8.6322126e+00
   8.6115559e+00
   8.5962529e+00
   8.5657278e+00
   8.5506879e+00
   8.5382586e+00
   8.5350832e+00
   8.5303962e+00
   8.5290061e+00
   8.5290061e+00
   8.5142629e+00
   8.4813987e+00
   8.4741142e+00
   8.4741142e+00
   8.4741142e+00
   8.4597727e+00
   8.4421704e+00
   8.4421704e+00
   8.4421704e+00
   8.4401412e+00
   8.4363259e+00
   8.4346736e+00
   8.4346736e+00
   8.4342077e+00
   8.4342077e+00
   8.4342077e+00
   8.4274828e+00
   8.4269887e+00
   8.4263233e+00
   8.4263233e+00
   8.4246769e+00
   8.4198002e+00
   8.4052397e+00
   8.4014397e+00
   8.3831655e+00
   8.3733429e+00
   8.3641090e+00
   8.3549895e+00
   8.3539205e+00
   8.3361560e+00
   8.3251841e+00
   8.3251841e+00
   8.3251841e+00
   8.3226912e+00
   8.3226912e+00
   8.3226912e+00
   8.3226912e+00
   8.3199201e+00
   8.3199201e+00
   8.3199201e+00
   8.3199201e+00
   8.3199201e+00
   8.3189876e+00
   8.3189876e+00
   8.3189876e+00
   8.3189876e+00
   8.3188893e+00
   8.3188893e+00
   8.3188893e+00
   8.3185305e+00
   8.3180052e+00
   8.3180052e+00
   8.3178672e+00
   8.3178672e+00
   8.3178672e+00
   8.3175998e+00
   8.3175998e+00
   8.3175589e+00
   8.3174225e+00
   8.3173469e+00
   8.3172458e+00
   8.3172458e+00
   8.3172458e+00
   8.3172133e+00
   8.3172133e+00
   8.3172133e+00
   8.3172133e+00
   8.3171910e+00
   8.3171910e+00
   8.3171910e+00
   8.3171835e+00
   8.3171835e+00
   8.3171699e+00
   8.3171659e+00
   8.3171659e+00
   8.3171617e+00
   8.3171513e+00
   8.3171513e+00
   8.3171513e+00
   8.3171487e+00
   8.3171487e+00
   8.3171487e+00
   8.3171487e+00
   8.3171458e+00
   8.3171427e+00
   8.3171407e+00
   8.3171407e+00
   8.3171403e+00
   8.3171402e+00
   8.3171402e+00
   8.3171402e+00
   8.3171397e+00
   8.3171393e+00
   8.3171385e+00
   8.3171383e+00
   8.3171378e+00
   8.3171350e+00
   8.3171350e+00
   8.3171334e+00
   8.3171327e+00
   8.3171301e+00
   8.3171287e+00
   8.3171280e+00
   8.3171277e+00
   8.3171270e+00
   8.3171256e+00
   8.3171252e+00
   8.3171250e+00
   8.3171250e+00
   8.3171249e+00
   8.3171249e+00
   8.3171249e+00
   8.3171249e+00
   8.3171244e+00
   8.3171242e+00
   8.3171234e+00
   8.3171231e+00
   8.3171231e+00
   8.3171231e+00
   8.3171231e+00
   8.3171230e+00
   8.3171230e+00
   8.3171229e+00
   8.3171227e+00
   8.3171227e+00
   8.3171227e+00
   8.3171227e+00
   8.3171227e+00
   8.3171227e+00
   8.3171227e+00
   8.3171226e+00
   8.3171226e+00
   8.3171225e+00
   8.3171225e+00
   8.3171225e+00
   8.3171225e+00
   8.3171224e+00
   8.3171222e+00
   8.3171221e+00
   8.3171220e+00
   8.3171220e+00
   8.3171220e+00
   8.3171219e+00
   8.3171219e+00
   8.3171219e+00
   8.3171219e+00
   8.3171218e+00
   8.3171218e+00
   8.3171218e+00
   8.3171217e+00
   8.3171217e+00
   8.3171217e+00
   8.3171217e+00
   8.3171217e+00
   8.3171217e+00
   8.3171217e+00
   8.3171217e+00
   8.3171217e+00
   8.3171217e+00
   8.3171217e+00
   8.3171217e+00
   8.3171217e+00
   8.3171217e+00
   8.3171217e+00
   8.3171217e+00
   8.3171217e+00
   8.3171217e+00
   8.3171217e+00
   8.3171217e+00
   8.3171217e+00
   8.3171217e+00
   8.3171217e+00
   8.3171217e+00
   8.3171217e+00
   8.3171217e+00
   8.3171217e+00
   8.3171217e+00
   8.3171217e+00
   8.3171217e+00
   8.3171217e+00
   8.3171217e+00
   8.3171217e+00
   8.3171217e+00
   8.3171217e+00
   8.3171217e+00
   8.3171217e+00
   8.3171217e+00
   8.3171217e+00
   8.3171217e+00
   8.3171217e+00
   8.3171217e+00
   8.3171217e+00
   8.3171217e+00
   8.3171217e+00
   8.3171217e+00
   8.3171217e+00
   8.3171217e+00
   8.3171217e+00
   8.3171217e+00
   8.3171217e+00
   8.3171217e+00
   8.3171217e+00
   8.3171217e+00
   8.3171217e+00
   8.3171217e+00
   8.3171217e+00
   8.3171217e+00
   8.3171217e+00
   8.3171217e+00
   8.3171217e+00
   8.3171217e+00
   8.3171217e+00
   8.3171217e+00
   8.3171217e+00
   8.3171217e+00
   8.3171217e+00
   8.3171217e+00
   8.3171217e+00
   8.3171217e+00
   8.3171217e+00
   8.3171217e+00
   8.3171217e+00
   8.3171217e+00
   8.3171217e+00
   8.3171217e+00
   8.3171217e+00
   8.3171217e+00
   8.3171217e+00
   8.3171217e+00
   8.3171217e+00
   8.3171217e+00
   8.3171217e+00
   8.3171217e+00
   8.3171217e+00
   8.3171217e+00
   8.3171217e+00
   8.3171217e+00
   8.3171217e+00
   8.3171217e+00
   8.3171217e+00
   8.3171217e+00
   8.3171217e+00
   8.3171217e+00
   8.3171217e+00
   8.3171217e+00
   8.3171217e+00
   8.3171217e+00
   8.3171217e+00
   8.3171217e+00
   8.3171217e+00
   8.3171217e+00
   8.3171217e+00
   8.3171217e+00
   8.3171217e+00
   8.3171217e+00
   8.3171217e+00
   8.3171217e+00
   8.3171217e+00
   8.3171217e+00
   8.3171217e+00
   8.3171217e+00
   8.3171217e+00
   8.3171217e+00
   8.3171217e+00
   8.3171217e+00
   8.3171217e+00
   8.3171217e+00
   8.3171217e+00
   8.3171217e+00
   8.3171217e+00
   8.3171217e+00
   8.3171217e+00
   8.3171217e+00
   8.3171217e+00
   8.3171217e+00
   8.3171217e+00
   8.3171217e+00
   8.3171217e+00
   8.3171217e+00
   8.3171217e+00
   8.3171217e+00
   8.3171217e+00
   8.3171217e+00
   8.3171217e+00
   8.3171217e+00
