   9.9985482e+03
   9.9939818e+03
   9.9318719e+03
   9.0250298e+02
   5.0956541e+02
   5.0956541e+02
   5.0540640e+02
   5.0104661e+02
   5.0104661e+02
   5.0104661e+02
   5.0104661e+02
   5.0104661e+02
   5.0104661e+02
   5.0104661e+02
   4.9254349e+02
   4.9254349e+02
   4.9254349e+02
   4.8968848e+02
   4.8764906e+02
   4.7039794e+02
   4.7039794e+02
   4.7039794e+02
   4.7039794e+02
   4.4489781e+02
   4.4145838e+02
   4.3329097e+02
   4.1489392e+02
   3.3487321e+02
   3.1607248e+02
   3.1607248e+02
   1.9852353e+02
   1.4335756e+02
   1.4335756e+02
   1.4335756e+02
   1.4335756e+02
   1.4335756e+02
   1.4335756e+02
   1.4335756e+02
   1.4335756e+02
   6.0633385e+01
   3.7034463e+01
   3.7034463e+01
   3.7034463e+01
   3.7034463e+01
   2.9133256e+01
   2.9133256e+01
   2.9133256e+01
   2.9133256e+01
   2.5326329e+01
   2.5326329e+01
   2.5326329e+01
   2.5326329e+01
   2.5326329e+01
   2.5326329e+01
   2.1392209e+01
   2.1392209e+01
   2.1392209e+01
   2.1392209e+01
   1.9344649e+01
   1.9344649e+01
   1.9344649e+01
   1.9344649e+01
   1.7556906e+01
   1.7556906e+01
   1.7556906e+01
   1.7556906e+01
   1.7556906e+01
   1.7556906e+01
   1.7556906e+01
   1.7556906e+01
   1.7556906e+01
   1.7556906e+01
   1.7462251e+01
   1.7462251e+01
   1.7462251e+01
   1.7328616e+01
   1.7328616e+01
   1.7328616e+01
   1.7328616e+01
   1.7328616e+01
   1.7328616e+01
   1.7328616e+01
   1.7328616e+01
   1.7328616e+01
   1.7328616e+01
   1.6926222e+01
   1.6926222e+01
   1.6926222e+01
   1.6926222e+01
   1.6926222e+01
   1.6926222e+01
   1.6926222e+01
   1.6926222e+01
   1.6926222e+01
   1.6926222e+01
   1.6926222e+01
   1.6926222e+01
   1.6926222e+01
   1.6926222e+01
   1.6926222e+01
   1.6926222e+01
   1.6926222e+01
   1.6926222e+01
   1.6926222e+01
   1.6926222e+01
   1.6926222e+01
   1.6918080e+01
   1.6915359e+01
   1.6915359e+01
   1.6800042e+01
   1.6800042e+01
   1.6800042e+01
   1.6670429e+01
   1.6618199e+01
   1.6618199e+01
   1.6618199e+01
   1.6618199e+01
   1.6559176e+01
   1.6160863e+01
   1.5761839e+01
   1.4754883e+01
   1.0901624e+01
   1.0901624e+01
   1.0901624e+01
   1.0901624e+01
   1.0546014e+01
   1.0546014e+01
   1.0123429e+01
   1.0123429e+01
   1.0027769e+01
   1.0027769e+01
   1.0018316e+01
   1.0018316e+01
   9.3128706e+00
   8.6696790e+00
   8.2883321e+00
   8.2523584e+00
   8.2523584e+00
   8.2523584e+00
   8.0063015e+00
   8.0063015e+00
   8.0063015e+00
   8.0063015e+00
   7.9429334e+00
   7.9429334e+00
   7.9429334e+00
   7.8558149e+00
   7.8558149e+00
   7.8558149e+00
   7.8086412e+00
   7.7786338e+00
   7.7786338e+00
   7.7309217e+00
   7.4909915e+00
   7.1775925e+00
   7.1620052e+00
   7.0803661e+00
   6.9709346e+00
   6.5894032e+00
   6.5460121e+00
   6.2275947e+00
   4.6833336e+00
   3.4546217e+00
   1.9956147e+00
   8.0424560e-01
   6.7079033e-01
   6.7079033e-01
   5.5567300e-01
   5.5567300e-01
   5.5567300e-01
   5.5567300e-01
   3.7738988e-01
   3.7738988e-01
   3.6129456e-01
   1.6171842e-01
   1.6171842e-01
   1.6171842e-01
   1.3761707e-01
   1.2677686e-01
   1.2677686e-01
   1.1913746e-01
   8.3365985e-02
   7.6511869e-02
   7.6511869e-02
   7.6511869e-02
   4.9505017e-02
   4.9505017e-02
   4.3171703e-02
   4.3171703e-02
   5.8264901e-03
   5.8264901e-03
   5.8264901e-03
   5.8264901e-03
   5.8264901e-03
   5.8264901e-03
   5.4725362e-03
   2.7569916e-03
   2.7569916e-03
   2.2457936e-03
   2.2457936e-03
   2.0892225e-03
   2.0227532e-03
   1.8149340e-03
   1.7293532e-03
   1.3615997e-03
   1.3615997e-03
   1.3615997e-03
   1.3615997e-03
   1.3615997e-03
   1.3615997e-03
   1.3615997e-03
   1.1462411e-03
   1.0820824e-03
   1.0820824e-03
   1.0820824e-03
   1.0820824e-03
   9.9047268e-04
   9.9047268e-04
   9.9047268e-04
   9.3324272e-04
   9.2596585e-04
   9.2596585e-04
   8.9802548e-04
   8.9802548e-04
   8.9084258e-04
   8.8533904e-04
   8.8411593e-04
   8.8395814e-04
   8.7093252e-04
   8.2279997e-04
   8.0197269e-04
   7.9826810e-04
   7.7637114e-04
   7.7637114e-04
   7.7637114e-04
   7.7449482e-04
   7.6410293e-04
   7.6291881e-04
   7.6077451e-04
   7.4218397e-04
   7.4218397e-04
   7.3820674e-04
   7.3820674e-04
   7.3164835e-04
   7.2989089e-04
   7.2277596e-04
   6.8351349e-04
   6.6601672e-04
   6.3296817e-04
   5.9237558e-04
   5.8524679e-04
   5.7013983e-04
   5.5573222e-04
   5.5391733e-04
   5.4938035e-04
   5.3689132e-04
   5.1762378e-04
   4.9394744e-04
   4.9394744e-04
   4.8856916e-04
   4.8856916e-04
   4.7663308e-04
   4.7299834e-04
   4.5923785e-04
   4.3073590e-04
   4.3062485e-04
   4.1814219e-04
   4.0450717e-04
   3.8829703e-04
   3.8829703e-04
   3.8829703e-04
   3.8784606e-04
   3.8784606e-04
   3.8453043e-04
   3.8453043e-04
   3.8272205e-04
   3.7793692e-04
   3.7793692e-04
   3.7793692e-04
   3.5364650e-04
   3.4255930e-04
   3.4255930e-04
   3.4255930e-04
   3.4255930e-04
   3.4255930e-04
   3.4105136e-04
   3.3724390e-04
   3.3135887e-04
   3.3135887e-04
   3.2930048e-04
   3.2295773e-04
   3.1798496e-04
   3.1230708e-04
   3.1230708e-04
   3.1230708e-04
   3.0723371e-04
   3.0100280e-04
   3.0042439e-04
   3.0042439e-04
   2.9644117e-04
   2.8886959e-04
   2.8521724e-04
   2.8397443e-04
   2.8303687e-04
   2.7967946e-04
   2.7840461e-04
   2.7621860e-04
   2.6613123e-04
   2.6362900e-04
   2.6362900e-04
   2.6146498e-04
   2.6146498e-04
   2.6117492e-04
   2.6029912e-04
   2.6025432e-04
   2.6007719e-04
   2.5967400e-04
   2.5066577e-04
   2.4488361e-04
   2.3164548e-04
   2.3164548e-04
   2.3163907e-04
   2.2583057e-04
   2.2512016e-04
   2.2015039e-04
   2.1832474e-04
   2.1106616e-04
   2.1002120e-04
   2.0206633e-04
   1.9713130e-04
   1.8169818e-04
   1.7776995e-04
   1.7605249e-04
   1.7389911e-04
   1.7389911e-04
   1.7181129e-04
   1.5726432e-04
   1.4162588e-04
   1.3706313e-04
   1.3552997e-04
   1.3552997e-04
   1.3472416e-04
   1.3390120e-04
   1.3066022e-04
   1.2767405e-04
   1.2528612e-04
   1.2432707e-04
   1.2401628e-04
   1.2327656e-04
   1.2327656e-04
   1.1935193e-04
   1.1911479e-04
   1.1749397e-04
   1.1619735e-04
   1.0709410e-04
   1.0653020e-04
   1.0485647e-04
   1.0460686e-04
   1.0285201e-04
   1.0232119e-04
   1.0190753e-04
   1.0190753e-04
   1.0190753e-04
   1.0164245e-04
   9.8541721e-05
   9.6207813e-05
   9.3060164e-05
   9.0237006e-05
   8.7892155e-05
   8.5299135e-05
   8.2076029e-05
   8.0332717e-05
   7.9655196e-05
   7.9132894e-05
   7.9132894e-05
   7.8990460e-05
   7.8420367e-05
   7.7858142e-05
   7.7228473e-05
   7.7013535e-05
   7.5035425e-05
   7.3585798e-05
   7.2432607e-05
   7.2262601e-05
   6.9353121e-05
   6.7115959e-05
   6.6995619e-05
   6.4680313e-05
   6.2364581e-05
   6.1601266e-05
   5.7064855e-05
   5.5928993e-05
   5.4560718e-05
   5.4474533e-05
   5.3230069e-05
   5.3138717e-05
   5.2909822e-05
   5.1904685e-05
   4.9388564e-05
   4.9388564e-05
   4.8703459e-05
   4.8179499e-05
   4.7961336e-05
   4.6528817e-05
   4.6240008e-05
   4.5868761e-05
   4.4482952e-05
   4.3212459e-05
   4.2117252e-05
   4.1272961e-05
   4.1272961e-05
   4.0961773e-05
   4.0961773e-05
   4.0097918e-05
   3.9330354e-05
   3.9057475e-05
   3.8732627e-05
   3.8381868e-05
   3.8330981e-05
   3.7341912e-05
   3.5743986e-05
   3.5471073e-05
   3.5471073e-05
   3.5047462e-05
   3.5047462e-05
   3.3720915e-05
   3.2978912e-05
   3.2059504e-05
   3.2059504e-05
   3.2059504e-05
   3.1779086e-05
   3.0727396e-05
   3.0055746e-05
   2.9600979e-05
   2.8966817e-05
   2.8883553e-05
   2.8883553e-05
   2.7608767e-05
   2.7489729e-05
   2.7476535e-05
   2.7461539e-05
   2.7450341e-05
   2.7058211e-05
   2.6682181e-05
   2.6512002e-05
   2.6439216e-05
   2.6406231e-05
   2.6406231e-05
   2.6380136e-05
   2.6377209e-05
   2.6333407e-05
   2.6237869e-05
   2.6158256e-05
   2.6131525e-05
   2.6021166e-05
   2.5975704e-05
   2.5315793e-05
   2.4252331e-05
   2.1630636e-05
   2.0281749e-05
   1.9585967e-05
   1.8920907e-05
   1.8444938e-05
   1.8108727e-05
   1.7836789e-05
   1.7778627e-05
   1.7453111e-05
   1.7355825e-05
   1.7271653e-05
   1.7205142e-05
   1.7085506e-05
   1.6965636e-05
   1.6962503e-05
   1.6805621e-05
   1.6703524e-05
   1.6649088e-05
   1.6562118e-05
   1.6407313e-05
   1.6133905e-05
   1.5955850e-05
   1.5792941e-05
   1.5351542e-05
   1.5287931e-05
   1.5253387e-05
   1.5250839e-05
   1.5066960e-05
   1.4960095e-05
   1.4946040e-05
   1.4908580e-05
   1.4854841e-05
   1.4726553e-05
   1.4526149e-05
   1.4443124e-05
   1.4320722e-05
   1.4233064e-05
   1.4136464e-05
   1.4094167e-05
   1.4032591e-05
   1.3853284e-05
   1.3769456e-05
