   9.9977280e+03
   9.9839800e+03
   8.8638427e+03
   2.2371023e+03
   2.2327045e+03
   2.2327045e+03
   2.2327045e+03
   2.2325176e+03
   2.2325176e+03
   2.2325176e+03
   2.2325176e+03
   2.2240832e+03
   2.2215928e+03
   2.2215928e+03
   2.2215928e+03
   2.2072763e+03
   2.2042237e+03
   2.1809205e+03
   2.1730649e+03
   2.1730649e+03
   2.1730649e+03
   2.1730649e+03
   1.8876235e+03
   9.0150906e+02
   6.0570564e+02
   6.0570564e+02
   4.4894273e+02
   4.4894273e+02
   4.4894273e+02
   4.4894273e+02
   4.4894273e+02
   4.4894273e+02
   4.4894273e+02
   4.4894273e+02
   4.4894273e+02
   4.4894273e+02
   4.4894273e+02
   4.4894273e+02
   4.4894273e+02
   4.4256836e+02
   4.4256836e+02
   4.4256836e+02
   4.4256836e+02
   4.2695114e+02
   4.1464693e+02
   4.1464693e+02
   4.1464693e+02
   4.1464693e+02
   4.1464693e+02
   4.1464693e+02
   4.1464693e+02
   4.1464693e+02
   4.1464693e+02
   4.1464693e+02
   4.1464693e+02
   4.1464693e+02
   4.1464693e+02
   4.1464693e+02
   4.1464693e+02
   4.1464693e+02
   4.1464693e+02
   4.1431253e+02
   4.1431253e+02
   4.1431253e+02
   4.1431253e+02
   4.1431253e+02
   3.8851030e+02
   3.5831371e+02
   3.5831371e+02
   3.5831371e+02
   2.1136645e+02
   1.5771094e+02
   1.0441245e+02
   6.9971866e+01
   6.9971866e+01
   6.9971866e+01
   6.9971866e+01
   6.8427684e+01
   5.9302371e+01
   5.9302371e+01
   5.9302371e+01
   5.9302371e+01
   5.5049096e+01
   5.5049096e+01
   5.5049096e+01
   5.5049096e+01
   5.5049096e+01
   5.5049096e+01
   5.5049096e+01
   5.5049096e+01
   5.5049096e+01
   5.4943909e+01
   5.4943909e+01
   5.4373347e+01
   5.4373347e+01
   5.4373347e+01
   5.3781365e+01
   5.3781365e+01
   5.3149844e+01
   5.3149844e+01
   5.3149844e+01
   5.3149844e+01
   5.3149844e+01
   5.3149844e+01
   5.3149844e+01
   5.2913706e+01
   5.1589200e+01
   5.1201805e+01
   5.1201805e+01
   5.1201805e+01
   5.1201805e+01
   5.1201805e+01
   5.1201805e+01
   5.1201805e+01
   5.0854503e+01
   5.0854503e+01
   5.0123953e+01
   5.0123953e+01
   5.0123953e+01
   5.0123953e+01
   5.0123953e+01
   5.0024896e+01
   5.0024896e+01
   4.9965092e+01
   4.9948657e+01
   4.9645349e+01
   4.9530697e+01
   4.9530697e+01
   4.9530697e+01
   4.9530697e+01
   4.9530697e+01
   4.9387588e+01
   4.9130897e+01
   4.9130897e+01
   4.9130897e+01
   4.9130897e+01
   4.9130897e+01
   4.8979157e+01
   4.8979157e+01
   4.8979157e+01
   4.8979157e+01
   4.8979157e+01
   4.8979157e+01
   4.8979157e+01
   4.8979157e+01
   4.8979157e+01
   4.8979157e+01
   4.8979157e+01
   4.8979157e+01
   4.8979157e+01
   4.8979157e+01
   4.8979157e+01
   4.8979157e+01
   4.8979157e+01
   4.8958031e+01
   4.8927547e+01
   4.8927547e+01
   4.8916770e+01
   4.8898887e+01
   4.8898887e+01
   4.8898887e+01
   4.8875071e+01
   4.8875071e+01
   4.8875071e+01
   4.8867676e+01
   4.8867676e+01
   4.8867676e+01
   4.8867676e+01
   4.8858269e+01
   4.8858269e+01
   4.8856606e+01
   4.8853012e+01
   4.8850899e+01
   4.8849635e+01
   4.8847511e+01
   4.8847511e+01
   4.8847511e+01
   4.8847511e+01
   4.8847511e+01
   4.8847511e+01
   4.8847511e+01
   4.8847511e+01
   4.8846951e+01
   4.8846860e+01
   4.8846860e+01
   4.8846268e+01
   4.8845759e+01
   4.8845284e+01
   4.8845168e+01
   4.8844908e+01
   4.8844107e+01
   4.8842974e+01
   4.8841626e+01
   4.8838853e+01
   4.8833878e+01
   4.8831015e+01
   4.8828729e+01
   4.8793099e+01
   4.8327075e+01
   3.8649496e+01
   3.6984679e+01
   2.9612541e+01
   2.5584190e+01
   2.2616664e+01
   1.7501875e+01
   1.1278514e+01
   9.4321854e+00
   9.2809503e+00
   9.2809503e+00
   8.1403546e+00
   8.1403546e+00
   7.0999223e+00
   7.0999223e+00
   6.9935057e+00
   6.8596924e+00
   6.8596924e+00
   6.8596924e+00
   6.7540976e+00
   6.7540976e+00
   6.7540976e+00
   6.7540976e+00
   6.7540976e+00
   6.7540976e+00
   6.7540976e+00
   6.7540976e+00
   6.7540976e+00
   6.7540976e+00
   6.7540976e+00
   6.7514004e+00
   6.7461665e+00
   6.7461665e+00
   6.7461665e+00
   6.7461665e+00
   6.7461665e+00
   6.7461665e+00
   6.7443383e+00
   6.7443383e+00
   6.7423691e+00
   6.7423691e+00
   6.7423691e+00
   6.7421239e+00
   6.7418307e+00
   6.7399747e+00
   6.7350980e+00
   6.7140684e+00
   6.6512285e+00
   6.5557096e+00
   6.4446001e+00
   6.2893804e+00
   5.1482539e+00
   4.3252594e+00
   4.1553364e+00
   3.7867889e+00
   3.4291456e+00
   3.4291456e+00
   3.4183344e+00
   3.4183344e+00
   3.3720392e+00
   3.3720392e+00
   3.3720392e+00
   3.3610981e+00
   3.3610981e+00
   3.3606879e+00
   3.3606879e+00
   3.3596404e+00
   3.3596404e+00
   3.3585250e+00
   3.3585250e+00
   3.3585250e+00
   3.3580429e+00
   3.3564457e+00
   3.3544546e+00
   3.3544546e+00
   3.3514448e+00
   3.3501973e+00
   3.3478585e+00
   3.3471981e+00
   3.3458366e+00
   3.3453294e+00
   3.3438020e+00
   3.3413477e+00
   3.3413477e+00
   3.3413477e+00
   3.3398464e+00
   3.3375139e+00
   3.3366091e+00
   3.3343285e+00
   3.3300620e+00
   3.3291323e+00
   3.3289047e+00
   3.3281845e+00
   3.3276675e+00
   3.3265635e+00
   3.3265635e+00
   3.3264529e+00
   3.3264529e+00
   3.3264529e+00
   3.3264529e+00
   3.3259267e+00
   3.3253684e+00
   3.3253684e+00
   3.3253684e+00
   3.3253547e+00
   3.3251180e+00
   3.3251180e+00
   3.3249813e+00
   3.3249813e+00
   3.3249813e+00
   3.3249587e+00
   3.3249470e+00
   3.3248396e+00
   3.3248372e+00
   3.3248372e+00
   3.3248372e+00
   3.3247401e+00
   3.3246785e+00
   3.3246785e+00
   3.3245837e+00
   3.3245639e+00
   3.3244830e+00
   3.3244495e+00
   3.3244241e+00
   3.3243992e+00
   3.3243789e+00
   3.3243776e+00
   3.3243178e+00
   3.3243093e+00
   3.3241805e+00
   3.3239760e+00
   3.3239760e+00
   3.3239760e+00
   3.3239488e+00
   3.3239488e+00
   3.3239447e+00
   3.3239426e+00
   3.3239426e+00
   3.3239409e+00
   3.3238186e+00
   3.3237774e+00
   3.3237342e+00
   3.3236064e+00
   3.3234810e+00
   3.3234713e+00
   3.3234713e+00
   3.3234713e+00
   3.3234477e+00
   3.3234477e+00
   3.3234477e+00
   3.3234415e+00
   3.3234390e+00
   3.3234201e+00
   3.3234134e+00
   3.3234075e+00
   3.3234038e+00
   3.3234027e+00
   3.3233840e+00
   3.3233748e+00
   3.3233545e+00
   3.3233437e+00
   3.3233135e+00
   3.3233067e+00
   3.3233060e+00
   3.3233035e+00
   3.3232897e+00
   3.3232769e+00
   3.3232769e+00
   3.3232769e+00
   3.3232721e+00
   3.3232649e+00
   3.3232540e+00
   3.3232528e+00
   3.3232528e+00
   3.3232528e+00
   3.3232483e+00
   3.3232471e+00
   3.3232466e+00
   3.3232242e+00
   3.3232230e+00
   3.3232230e+00
   3.3232188e+00
   3.3232057e+00
   3.3232049e+00
   3.3232030e+00
   3.3232026e+00
   3.3232005e+00
   3.3231996e+00
   3.3231960e+00
   3.3231904e+00
   3.3231868e+00
   3.3231792e+00
   3.3231732e+00
   3.3231606e+00
   3.3231350e+00
   3.3231235e+00
   3.3231067e+00
   3.3230948e+00
   3.3230567e+00
   3.3230567e+00
   3.3230567e+00
   3.3230544e+00
   3.3230544e+00
   3.3230541e+00
   3.3230535e+00
   3.3230455e+00
   3.3230382e+00
   3.3230221e+00
   3.3230083e+00
   3.3230054e+00
   3.3229941e+00
   3.3229853e+00
   3.3229803e+00
   3.3229711e+00
   3.3229644e+00
   3.3229638e+00
   3.3229638e+00
   3.3229605e+00
   3.3229594e+00
   3.3229593e+00
   3.3229593e+00
   3.3229577e+00
   3.3229549e+00
   3.3229536e+00
   3.3229456e+00
   3.3229413e+00
   3.3229413e+00
   3.3229413e+00
   3.3229382e+00
   3.3229331e+00
   3.3229305e+00
   3.3229248e+00
   3.3229221e+00
   3.3229189e+00
   3.3229181e+00
   3.3229164e+00
   3.3229163e+00
   3.3229136e+00
   3.3229135e+00
   3.3229131e+00
   3.3229114e+00
   3.3229108e+00
   3.3229083e+00
   3.3229062e+00
   3.3229005e+00
   3.3228994e+00
   3.3228971e+00
   3.3228921e+00
   3.3228904e+00
   3.3228885e+00
   3.3228846e+00
   3.3228826e+00
   3.3228741e+00
   3.3228666e+00
   3.3228621e+00
   3.3228584e+00
   3.3228571e+00
   3.3228465e+00
   3.3228454e+00
   3.3228444e+00
   3.3228413e+00
   3.3228407e+00
   3.3228397e+00
   3.3228389e+00
   3.3228382e+00
   3.3228376e+00
   3.3228375e+00
   3.3228341e+00
   3.3228320e+00
   3.3228317e+00
   3.3228317e+00
   3.3228317e+00
   3.3228308e+00
   3.3228305e+00
   3.3228301e+00
   3.3228296e+00
   3.3228292e+00
   3.3228285e+00
   3.3228280e+00
   3.3228278e+00
   3.3228267e+00
   3.3228264e+00
   3.3228246e+00
   3.3228228e+00
   3.3228225e+00
   3.3228218e+00
   3.3228217e+00
   3.3228217e+00
   3.3228216e+00
   3.3228214e+00
   3.3228213e+00
   3.3228211e+00
   3.3228206e+00
   3.3228201e+00
   3.3228191e+00
   3.3228191e+00
   3.3228188e+00
   3.3228188e+00
   3.3228186e+00
   3.3228186e+00
   3.3228185e+00
   3.3228184e+00
