   1.7229030e+03   0.0000000e+00
   1.8214096e+03   3.5316782e+02
   1.9503976e+03   6.8984944e+02
   2.1098672e+03   1.0100449e+03
   2.2998181e+03   1.3137541e+03
   2.5202506e+03   1.6009771e+03
   2.7711645e+03   1.8717140e+03
   3.0525599e+03   2.1259646e+03
   3.3644367e+03   2.3637290e+03
   3.7067950e+03   2.5850073e+03
   4.0796348e+03   2.7897993e+03
   4.4829561e+03   2.9781052e+03
   4.9167588e+03   3.1499248e+03
   5.3810430e+03   3.3052583e+03
   5.8758086e+03   3.4441055e+03
   6.4010557e+03   3.5664666e+03
   6.9567843e+03   3.6723415e+03
   7.5429944e+03   3.7617301e+03
   8.1596859e+03   3.8346326e+03
   8.8068589e+03   3.8910489e+03
