   0.0000000e+00  -8.6654862e+01
   2.4489796e+02  -8.5558111e+01
   4.8979592e+02  -8.4259819e+01
   7.3469388e+02  -8.2689748e+01
   9.7959184e+02  -8.0734258e+01
   1.2244898e+03  -7.8187988e+01
   1.4693878e+03  -7.4596267e+01
   1.7142857e+03  -6.7967455e+01
   1.9591837e+03  -5.8425633e+01
   2.2040816e+03  -5.2746211e+01
   2.4489796e+03  -4.8305689e+01
   2.6938776e+03  -4.4602278e+01
   2.9387755e+03  -4.1410067e+01
   3.1836735e+03  -3.8601451e+01
   3.4285714e+03  -3.6095216e+01
   3.6734694e+03  -3.3835620e+01
   3.9183673e+03  -3.1782337e+01
   4.1632653e+03  -2.9905028e+01
   4.4081633e+03  -2.8180172e+01
   4.6530612e+03  -2.6589083e+01
   4.8979592e+03  -2.5116621e+01
   5.1428571e+03  -2.3750312e+01
   5.3877551e+03  -2.2479729e+01
   5.6326531e+03  -2.1296050e+01
   5.8775510e+03  -2.0191727e+01
   6.1224490e+03  -1.9160237e+01
   6.3673469e+03  -1.8195889e+01
   6.6122449e+03  -1.7293679e+01
   6.8571429e+03  -1.6449168e+01
   7.1020408e+03  -1.5658385e+01
   7.3469388e+03  -1.4917749e+01
   7.5918367e+03  -1.4224007e+01
   7.8367347e+03  -1.3574174e+01
   8.0816327e+03  -1.2965494e+01
   8.3265306e+03  -1.2395397e+01
   8.5714286e+03  -1.1861476e+01
   8.8163265e+03  -1.1361455e+01
   9.0612245e+03  -1.0893177e+01
   9.3061224e+03  -1.0454588e+01
   9.5510204e+03  -1.0043733e+01
   9.7959184e+03  -9.6587458e+00
   1.0040816e+04  -9.2978533e+00
   1.0285714e+04  -8.9593718e+00
   1.0530612e+04  -8.6417094e+00
   1.0775510e+04  -8.3433666e+00
   1.1020408e+04  -8.0629370e+00
   1.1265306e+04  -7.7991061e+00
   1.1510204e+04  -7.5506506e+00
   1.1755102e+04  -7.3164354e+00
   1.2000000e+04  -7.0954104e+00
