   5.5968022e+03   0.0000000e+00
   5.6048335e+03   2.2829154e+02
   5.6217409e+03   4.5409519e+02
   5.6475245e+03   6.7741094e+02
   5.6821842e+03   8.9823878e+02
   5.7257200e+03   1.1165787e+03
   5.7781321e+03   1.3324308e+03
   5.8394202e+03   1.5457949e+03
   5.9095846e+03   1.7566712e+03
   5.9886251e+03   1.9650595e+03
   6.0765417e+03   2.1709600e+03
   6.1733345e+03   2.3743726e+03
   6.2790034e+03   2.5752972e+03
   6.3935485e+03   2.7737340e+03
   6.5169698e+03   2.9696828e+03
   6.6492672e+03   3.1631438e+03
   6.7904408e+03   3.3541169e+03
   6.9404905e+03   3.5426020e+03
   7.0994164e+03   3.7285993e+03
   7.2672184e+03   3.9121087e+03
