   0.0000000e+00  -9.9060251e+00
   2.4489796e+02  -1.0267461e+01
   4.8979592e+02  -1.0655392e+01
   7.3469388e+02  -1.1072763e+01
   9.7959184e+02  -1.1522966e+01
   1.2244898e+03  -1.2009923e+01
   1.4693878e+03  -1.2538196e+01
   1.7142857e+03  -1.3113122e+01
   1.9591837e+03  -1.3740983e+01
   2.2040816e+03  -1.4429228e+01
   2.4489796e+03  -1.5186756e+01
   2.6938776e+03  -1.6024292e+01
   2.9387755e+03  -1.6954893e+01
   3.1836735e+03  -1.7994637e+01
   3.4285714e+03  -1.9163588e+01
   3.6734694e+03  -2.0487196e+01
   3.9183673e+03  -2.1998377e+01
   4.1632653e+03  -2.3740793e+01
   4.4081633e+03  -2.5774298e+01
   4.6530612e+03  -2.8184779e+01
   4.8979592e+03  -3.1104153e+01
   5.1428571e+03  -3.4759143e+01
   5.3877551e+03  -3.9638309e+01
   5.6326531e+03  -4.8237376e+01
   5.8775510e+03  -5.5378466e+01
   6.1224490e+03  -6.0431729e+01
   6.3673469e+03  -6.4551007e+01
   6.6122449e+03  -6.8057502e+01
   6.8571429e+03  -7.1107909e+01
   7.1020408e+03  -7.3795848e+01
   7.3469388e+03  -7.6184150e+01
   7.5918367e+03  -7.8318408e+01
   7.8367347e+03  -8.0233631e+01
   8.0816327e+03  -8.1957853e+01
   8.3265306e+03  -8.3514244e+01
   8.5714286e+03  -8.4922392e+01
   8.8163265e+03  -8.6199132e+01
   9.0612245e+03  -8.7359095e+01
   9.3061224e+03  -8.8415086e+01
   9.5510204e+03  -8.9378368e+01
   9.7959184e+03  -9.0258872e+01
   1.0040816e+04  -9.1065369e+01
   1.0285714e+04  -9.1805610e+01
   1.0530612e+04  -9.2486454e+01
   1.0775510e+04  -9.3113965e+01
   1.1020408e+04  -9.3693514e+01
   1.1265306e+04  -9.4229857e+01
   1.1510204e+04  -9.4727208e+01
   1.1755102e+04  -9.5189307e+01
   1.2000000e+04  -9.5619475e+01
